2.500e-03 1180 1.584201e-02 2.537519e-02
7.500e-03 1180 1.503855e-02 1.085947e-02
1.250e-02 1180 1.376111e-02 6.461221e-03
1.750e-02 1180 1.254451e-02 4.096533e-03
2.250e-02 1180 1.126954e-02 2.691936e-03
2.750e-02 1180 9.948381e-03 1.863730e-03
3.250e-02 1180 8.762607e-03 1.271694e-03
3.750e-02 1180 7.586755e-03 9.037064e-04
4.250e-02 1180 6.499240e-03 6.755133e-04
4.750e-02 1180 5.469473e-03 4.619298e-04
5.250e-02 1180 4.544727e-03 3.420325e-04
5.750e-02 1180 3.670192e-03 2.421964e-04
6.250e-02 1180 2.897279e-03 1.694285e-04
6.750e-02 1180 2.235786e-03 1.167798e-04
7.250e-02 1180 1.698519e-03 8.642696e-05
7.750e-02 1180 1.273218e-03 6.173388e-05
8.250e-02 1180 9.445196e-04 4.623702e-05
8.750e-02 1180 6.990380e-04 3.344574e-05
9.250e-02 1180 5.139980e-04 2.466725e-05
9.750e-02 1180 3.766479e-04 1.835165e-05
1.025e-01 1180 2.756038e-04 1.354596e-05
1.075e-01 1180 2.010024e-04 1.032663e-05
1.125e-01 1180 1.466388e-04 7.862950e-06
1.175e-01 1180 1.068693e-04 5.821752e-06
1.225e-01 1180 7.783706e-05 4.449153e-06
1.275e-01 1180 5.683010e-05 3.378230e-06
1.325e-01 1180 4.154373e-05 2.630963e-06
1.375e-01 1180 3.044921e-05 2.148054e-06
1.425e-01 1180 2.239672e-05 1.669129e-06
1.475e-01 1180 1.654367e-05 1.321168e-06
1.525e-01 1180 1.230825e-05 1.046157e-06
1.575e-01 1180 9.269358e-06 8.510050e-07
1.625e-01 1180 6.996089e-06 6.975509e-07
1.675e-01 1180 5.376968e-06 5.938715e-07
1.725e-01 1180 4.132094e-06 4.890040e-07
1.775e-01 1180 3.211794e-06 4.047272e-07
1.825e-01 1180 2.535170e-06 3.528883e-07
1.875e-01 1180 2.002145e-06 2.982948e-07
1.925e-01 1180 1.620585e-06 2.629544e-07
1.975e-01 1180 1.295472e-06 2.270778e-07
