2.500e-03 100 1.409507e-02 6.787419e-03
7.500e-03 100 1.370205e-02 3.402830e-03
1.250e-02 100 1.311967e-02 2.146789e-03
1.750e-02 100 1.262078e-02 2.439032e-03
2.250e-02 100 1.110983e-02 1.129524e-03
2.750e-02 100 9.895913e-03 6.714437e-04
3.250e-02 100 8.809422e-03 5.596318e-04
3.750e-02 100 7.722205e-03 3.297780e-04
4.250e-02 100 6.490059e-03 2.330370e-04
4.750e-02 100 5.474133e-03 1.394617e-04
5.250e-02 100 4.559835e-03 9.020081e-05
5.750e-02 100 3.700624e-03 7.007566e-05
6.250e-02 100 2.885111e-03 4.105746e-05
6.750e-02 100 2.238305e-03 3.495861e-05
7.250e-02 100 1.705143e-03 2.195685e-05
7.750e-02 100 1.279199e-03 1.765809e-05
8.250e-02 100 9.453360e-04 1.584066e-05
8.750e-02 100 7.003082e-04 1.079997e-05
9.250e-02 100 5.136096e-04 8.676249e-06
9.750e-02 100 3.762428e-04 7.309969e-06
1.025e-01 100 2.744215e-04 5.695359e-06
1.075e-01 100 2.012724e-04 4.791843e-06
1.125e-01 100 1.470979e-04 3.901088e-06
1.175e-01 100 1.069529e-04 3.020564e-06
1.225e-01 100 7.787069e-05 3.102813e-06
1.275e-01 100 5.699810e-05 1.880443e-06
1.325e-01 100 4.152731e-05 1.820466e-06
1.375e-01 100 3.060419e-05 1.447908e-06
1.425e-01 100 2.232558e-05 1.140060e-06
1.475e-01 100 1.646006e-05 9.930700e-07
1.525e-01 100 1.239343e-05 9.210934e-07
1.575e-01 100 9.115376e-06 6.772419e-07
1.625e-01 100 6.895475e-06 5.853196e-07
1.675e-01 100 5.394451e-06 4.761794e-07
1.725e-01 100 4.149607e-06 4.477700e-07
1.775e-01 100 3.188662e-06 3.410714e-07
1.825e-01 100 2.441316e-06 3.386913e-07
1.875e-01 100 1.982772e-06 2.603156e-07
1.925e-01 100 1.620396e-06 2.099173e-07
1.975e-01 100 1.302335e-06 2.244218e-07
