 1 1.995262e-01 1180 9.758195e+01 1.059164e+02
 2 2.511886e-01 1180 1.160604e+02 1.205190e+02
 3 3.162278e-01 1180 1.635648e+02 1.585022e+02
 4 3.981072e-01 1180 1.510993e+02 1.778866e+02
 5 5.011873e-01 1180 7.761681e+01 1.263302e+02
 6 6.309573e-01 1180 4.041977e+01 1.081243e+02
 7 7.943282e-01 1180 9.815540e+01 8.066565e+01
 8 1.000000e+00 1180 6.973894e+01 5.969056e+01
 9 1.258925e+00 1180 5.878808e+01 4.545469e+01
10 1.584893e+00 1180 6.894629e+01 3.655060e+01
11 1.995262e+00 1180 6.265614e+01 2.662787e+01
12 2.511886e+00 1180 6.706379e+01 2.197828e+01
13 3.162277e+00 1180 6.263512e+01 1.789327e+01
14 3.981072e+00 1180 5.476926e+01 1.450937e+01
15 5.011873e+00 1180 4.641520e+01 1.183337e+01
16 6.309574e+00 1180 3.664757e+01 9.881970e+00
17 7.943283e+00 1180 3.110482e+01 8.547690e+00
18 1.000000e+01 1180 2.637934e+01 7.102006e+00
19 1.258925e+01 1180 1.990286e+01 6.084275e+00
20 1.584893e+01 1180 1.507712e+01 5.404217e+00
21 1.995262e+01 1180 1.244086e+01 4.568808e+00
22 2.511887e+01 1180 8.438050e+00 4.281271e+00
23 3.162279e+01 1180 5.573822e+00 3.769259e+00
24 3.981073e+01 1180 3.422510e+00 3.342806e+00
25 5.011873e+01 1180 2.489583e+00 3.002940e+00
