 1 1.995262e-01 1180 1.565351e+03 9.185662e+02
 2 2.511886e-01 1180 1.329538e+03 8.156647e+02
 3 3.162278e-01 1180 1.121476e+03 7.170883e+02
 4 3.981072e-01 1180 9.713375e+02 6.552095e+02
 5 5.011873e-01 1180 7.879131e+02 5.599023e+02
 6 6.309573e-01 1180 6.321034e+02 4.740687e+02
 7 7.943282e-01 1180 4.877994e+02 3.867639e+02
 8 1.000000e+00 1180 3.633425e+02 3.071119e+02
 9 1.258925e+00 1180 2.578692e+02 2.332716e+02
10 1.584893e+00 1180 1.719285e+02 1.655841e+02
11 1.995262e+00 1180 1.101664e+02 1.076625e+02
12 2.511886e+00 1180 7.136759e+01 6.214856e+01
13 3.162277e+00 1180 5.035190e+01 3.232514e+01
14 3.981072e+00 1180 3.973348e+01 1.895284e+01
15 5.011873e+00 1180 3.311006e+01 1.436409e+01
16 6.309574e+00 1180 2.779695e+01 1.191910e+01
17 7.943283e+00 1180 2.289927e+01 1.030655e+01
18 1.000000e+01 1180 1.847964e+01 9.561145e+00
19 1.258925e+01 1180 1.449587e+01 7.746558e+00
20 1.584893e+01 1180 1.107383e+01 5.534548e+00
21 1.995262e+01 1180 8.232919e+00 4.663540e+00
22 2.511887e+01 1180 5.853328e+00 3.830289e+00
23 3.162279e+01 1180 3.919451e+00 3.313295e+00
24 3.981073e+01 1180 2.474334e+00 2.864981e+00
25 5.011873e+01 1180 1.436006e+00 2.468418e+00
