 1 1.995262e-01 1180 4.342271e+02 1.028872e+02
 2 2.511886e-01 1180 3.638821e+02 8.832687e+01
 3 3.162278e-01 1180 2.967363e+02 7.790349e+01
 4 3.981072e-01 1180 2.650595e+02 7.590624e+01
 5 5.011873e-01 1180 2.136466e+02 6.453728e+01
 6 6.309573e-01 1180 1.672274e+02 5.448760e+01
 7 7.943282e-01 1180 1.346678e+02 4.705271e+01
 8 1.000000e+00 1180 1.081489e+02 3.837444e+01
 9 1.258925e+00 1180 8.586057e+01 3.029602e+01
10 1.584893e+00 1180 6.761365e+01 2.242537e+01
11 1.995262e+00 1180 5.287379e+01 1.595197e+01
12 2.511886e+00 1180 4.220528e+01 1.078650e+01
13 3.162277e+00 1180 3.416075e+01 7.252564e+00
14 3.981072e+00 1180 2.905684e+01 5.587097e+00
15 5.011873e+00 1180 2.447456e+01 4.769133e+00
16 6.309574e+00 1180 2.044842e+01 4.385969e+00
17 7.943283e+00 1180 1.694816e+01 3.892041e+00
18 1.000000e+01 1180 1.374820e+01 3.509077e+00
19 1.258925e+01 1180 1.099863e+01 3.096569e+00
20 1.584893e+01 1180 8.536086e+00 2.733965e+00
21 1.995262e+01 1180 6.401556e+00 2.410886e+00
22 2.511887e+01 1180 4.606318e+00 2.169108e+00
23 3.162279e+01 1180 3.105240e+00 1.972723e+00
24 3.981073e+01 1180 1.971650e+00 1.779903e+00
25 5.011873e+01 1180 1.132321e+00 1.596210e+00
